,symbol,date,open,high,low,close,volume,marketCap
0,ANJ,"Oct 19, 2021",$0.2681,$0.2713,$0.2543,$0.258,"$101,994","$33,184,794"
1,ANJ,"Oct 18, 2021",$0.2586,$0.2687,$0.2562,$0.2681,"$171,767","$34,488,545"
2,ANJ,"Oct 17, 2021",$0.3493,$0.3531,$0.2531,$0.2587,"$90,796","$33,274,486"
3,ANJ,"Oct 16, 2021",$0.3506,$0.356,$0.348,$0.3494,"$59,073","$44,948,484"
4,ANJ,"Oct 15, 2021",$0.3676,$0.3763,$0.3444,$0.3507,"$152,753","$45,117,213"
5,ANJ,"Oct 14, 2021",$0.3563,$0.3687,$0.3554,$0.3677,"$80,947","$47,301,936"
6,ANJ,"Oct 13, 2021",$0.3518,$0.3563,$0.3469,$0.3562,"$114,542","$45,828,214"
7,ANJ,"Oct 12, 2021",$0.3533,$0.3537,$0.3474,$0.3518,"$91,059","$45,261,394"
8,ANJ,"Oct 11, 2021",$0.3544,$0.3663,$0.3509,$0.3531,"$70,001","$45,429,934"
9,ANJ,"Oct 10, 2021",$0.3614,$0.3628,$0.3543,$0.3545,"$171,171","$45,607,876"
10,ANJ,"Oct 09, 2021",$0.3617,$0.3645,$0.36,$0.3614,"$117,296","$46,498,197"
11,ANJ,"Oct 08, 2021",$0.3626,$0.367,$0.3608,$0.3616,"$78,978","$46,517,419"
12,ANJ,"Oct 07, 2021",$0.3661,$0.3675,$0.3578,$0.3626,"$74,902","$46,641,765"
13,ANJ,"Oct 06, 2021",$0.3627,$0.3705,$0.352,$0.3663,"$148,534","$47,123,036"
14,ANJ,"Oct 05, 2021",$0.366,$0.3702,$0.3568,$0.3627,"$121,011","$46,664,536"
15,ANJ,"Oct 04, 2021",$0.392,$0.3925,$0.3609,$0.366,"$153,979","$47,085,076"
16,ANJ,"Oct 03, 2021",$0.3785,$0.393,$0.3664,$0.392,"$105,896","$50,423,069"
17,ANJ,"Oct 02, 2021",$0.3641,$0.3813,$0.3596,$0.3786,"$62,088","$48,701,936"
18,ANJ,"Oct 01, 2021",$0.3503,$0.3752,$0.3479,$0.3642,"$150,399","$46,858,607"
19,ANJ,"Sep 30, 2021",$0.308,$0.3559,$0.307,$0.3503,"$246,646","$45,064,815"
20,ANJ,"Sep 29, 2021",$0.3118,$0.3179,$0.3042,$0.3078,"$109,171","$39,599,749"
21,ANJ,"Sep 28, 2021",$0.3214,$0.3234,$0.3109,$0.3115,"$102,780","$40,074,891"
22,ANJ,"Sep 27, 2021",$0.3255,$0.3346,$0.3213,$0.3213,"$90,732","$41,333,278"
23,ANJ,"Sep 26, 2021",$0.2851,$0.3282,$0.1666,$0.3256,"$99,782","$41,885,926"
24,ANJ,"Sep 25, 2021",$0.2885,$0.2897,$0.2813,$0.2852,"$48,468","$36,685,817"
25,ANJ,"Sep 24, 2021",$0.3141,$0.3144,$0.2858,$0.2885,"$148,239","$37,110,661"
26,ANJ,"Sep 23, 2021",$0.2954,$0.3149,$0.2885,$0.3141,"$82,756","$40,412,031"
27,ANJ,"Sep 22, 2021",$0.2753,$0.2967,$0.1813,$0.2954,"$85,156","$38,006,855"
28,ANJ,"Sep 21, 2021",$0.2701,$0.2787,$0.2659,$0.2753,"$119,764","$35,413,061"
29,ANJ,"Sep 20, 2021",$0.271,$0.2752,$0.2635,$0.2703,"$217,884","$34,772,498"
30,ANJ,"Sep 19, 2021",$0.2774,$0.2776,$0.2685,$0.271,"$91,021","$34,864,987"
31,ANJ,"Sep 18, 2021",$0.2738,$0.278,$0.2712,$0.2773,"$93,352","$35,671,591"
32,ANJ,"Sep 17, 2021",$0.2772,$0.2844,$0.2725,$0.2737,"$87,809","$35,210,455"
33,ANJ,"Sep 16, 2021",$0.2871,$0.2893,$0.2768,$0.2772,"$90,413","$35,656,864"
34,ANJ,"Sep 15, 2021",$0.2775,$0.2869,$0.2753,$0.2865,"$106,641","$36,851,501"
35,ANJ,"Sep 14, 2021",$0.2763,$0.2831,$0.2735,$0.2773,"$80,981","$35,675,200"
36,ANJ,"Sep 13, 2021",$0.2817,$0.2833,$0.2716,$0.2763,"$200,192","$35,547,337"
37,ANJ,"Sep 12, 2021",$0.271,$0.2842,$0.2693,$0.2818,"$99,053","$36,250,470"
38,ANJ,"Sep 11, 2021",$0.2693,$0.2742,$0.2683,$0.271,"$70,080","$34,857,222"
39,ANJ,"Sep 10, 2021",$0.2803,$0.2845,$0.2669,$0.2692,"$90,530","$34,626,641"
40,ANJ,"Sep 09, 2021",$0.279,$0.2879,$0.1822,$0.2804,"$68,959","$36,073,054"
41,ANJ,"Sep 08, 2021",$0.2709,$0.2842,$0.2655,$0.2798,"$63,767","$35,993,812"
42,ANJ,"Sep 07, 2021",$0.282,$0.2836,$0.1882,$0.2709,"$135,839","$34,855,148"
43,ANJ,"Sep 06, 2021",$0.2886,$0.2892,$0.2795,$0.2821,"$135,879","$36,284,813"
44,ANJ,"Sep 05, 2021",$0.2723,$0.2998,$0.2708,$0.2887,"$116,926","$37,141,064"
45,ANJ,"Sep 04, 2021",$0.2654,$0.2792,$0.262,$0.2722,"$76,779","$35,023,188"
46,ANJ,"Sep 03, 2021",$0.2668,$0.2784,$0.2621,$0.2653,"$131,585","$34,135,047"
47,ANJ,"Sep 02, 2021",$0.2489,$0.2804,$0.2455,$0.2669,"$137,632","$32,736,513"
48,ANJ,"Sep 01, 2021",$0.2905,$0.2918,$0.2448,$0.2489,"$117,593","$30,524,536"
49,ANJ,"Aug 31, 2021",$0.5322,$0.5686,$0.2322,$0.2905,"$148,111","$35,631,911"
50,ANJ,"Aug 30, 2021",$0.1634,$0.571,$0.162,$0.5322,"$226,011","$65,267,793"
51,ANJ,"Aug 29, 2021",$0.1615,$0.1647,$0.1605,$0.1634,"$107,187","$20,043,429"
52,ANJ,"Aug 28, 2021",$0.1688,$0.1705,$0.1608,$0.1614,"$71,825","$19,800,804"
53,ANJ,"Aug 27, 2021",$0.1609,$0.612,$0.1588,$0.1687,"$137,109","$20,689,816"
54,ANJ,"Aug 26, 2021",$0.1612,$0.1624,$0.1576,$0.1609,"$92,562","$19,736,479"
55,ANJ,"Aug 25, 2021",$0.1554,$0.1622,$0.1548,$0.1613,"$97,125","$19,776,960"
56,ANJ,"Aug 24, 2021",$0.1521,$0.1581,$0.1476,$0.1555,"$107,254","$19,066,820"
57,ANJ,"Aug 23, 2021",$0.1194,$0.1925,$0.1191,$0.1521,"$161,442","$18,651,416"
58,ANJ,"Aug 22, 2021",$0.1147,$0.1194,$0.1137,$0.1194,"$86,188","$14,643,808"
59,ANJ,"Aug 21, 2021",$0.1157,$0.1176,$0.1145,$0.1147,"$88,143","$14,072,568"
60,ANJ,"Aug 20, 2021",$0.1125,$0.117,$0.1121,$0.1157,"$113,809","$14,187,083"
61,ANJ,"Aug 19, 2021",$0.1083,$0.1135,$0.1073,$0.1125,"$100,108","$13,796,901"
62,ANJ,"Aug 18, 2021",$0.1088,$0.1106,$0.108,$0.1084,"$104,202","$13,295,141"
63,ANJ,"Aug 17, 2021",$0.1106,$0.1217,$0.1086,$0.1088,"$108,432","$13,346,655"
64,ANJ,"Aug 16, 2021",$0.1016,$0.1116,$0.09968,$0.1107,"$142,246","$13,576,285"
65,ANJ,"Aug 15, 2021",$0.1009,$0.1027,$0.0981,$0.1016,"$91,264","$12,462,752"
66,ANJ,"Aug 14, 2021",$0.09786,$0.1051,$0.09664,$0.1009,"$403,540","$12,375,664"
67,ANJ,"Aug 13, 2021",$0.09217,$0.09792,$0.092,$0.09788,"$240,209","$12,004,889"
68,ANJ,"Aug 12, 2021",$0.09675,$0.09769,$0.09107,$0.09219,"$102,198","$11,307,071"
69,ANJ,"Aug 11, 2021",$0.09489,$0.09933,$0.09416,$0.09683,"$93,370","$11,875,195"
70,ANJ,"Aug 10, 2021",$0.09341,$0.6313,$0.09176,$0.09487,"$81,589","$11,635,316"
71,ANJ,"Aug 09, 2021",$0.09407,$0.09981,$0.09168,$0.09335,"$88,869","$11,448,417"
72,ANJ,"Aug 08, 2021",$0.1113,$0.1121,$0.09392,$0.09402,"$91,123","$11,530,520"
73,ANJ,"Aug 07, 2021",$0.0804,$0.1355,$0.07924,$0.1116,"$122,719","$13,684,132"
74,ANJ,"Aug 06, 2021",$0.07895,$0.0815,$0.07678,$0.08043,"$114,834","$9,864,598"
75,ANJ,"Aug 05, 2021",$0.07179,$0.08564,$0.07067,$0.07895,"$154,991","$9,683,303"
76,ANJ,"Aug 04, 2021",$0.06696,$0.07208,$0.06594,$0.07182,"$94,986","$8,807,936"
77,ANJ,"Aug 03, 2021",$0.06917,$0.06949,$0.06526,$0.06696,"$94,884","$8,212,391"
78,ANJ,"Aug 02, 2021",$0.06744,$0.06964,$0.06633,$0.06915,"$110,842","$8,481,097"
79,ANJ,"Aug 01, 2021",$0.05959,$0.06967,$0.05921,$0.0675,"$107,761","$8,277,973"
80,ANJ,"Jul 31, 2021",$0.08387,$0.08419,$0.05836,$0.05963,"$63,881","$7,313,555"
81,ANJ,"Jul 30, 2021",$0.0809,$0.08386,$0.08057,$0.08385,"$123,570","$10,283,301"
82,ANJ,"Jul 29, 2021",$0.08,$0.08107,$0.07893,$0.08087,"$64,995","$9,918,370"
83,ANJ,"Jul 28, 2021",$0.08015,$0.4578,$0.0793,$0.08004,"$72,294","$9,817,148"
84,ANJ,"Jul 27, 2021",$0.0795,$0.08099,$0.07756,$0.08008,"$79,741","$9,821,134"
85,ANJ,"Jul 26, 2021",$0.09154,$0.09287,$0.07934,$0.07957,"$246,584","$9,759,029"
86,ANJ,"Jul 25, 2021",$0.09147,$0.09174,$0.08943,$0.09157,"$97,910","$11,230,310"
87,ANJ,"Jul 24, 2021",$0.09209,$0.09346,$0.09084,$0.09143,"$115,034","$11,213,546"
88,ANJ,"Jul 23, 2021",$0.09067,$0.09219,$0.08957,$0.09208,"$95,868","$11,293,741"
89,ANJ,"Jul 22, 2021",$0.09024,$0.0913,$0.08792,$0.09067,"$80,193","$11,120,269"
90,ANJ,"Jul 21, 2021",$0.08815,$0.09025,$0.08735,$0.09019,"$148,965","$11,061,613"
91,ANJ,"Jul 20, 2021",$0.09033,$0.09095,$0.08725,$0.08817,"$121,976","$10,813,726"
92,ANJ,"Jul 19, 2021",$0.1051,$0.1057,$0.08962,$0.09033,"$119,174","$11,078,898"
93,ANJ,"Jul 18, 2021",$0.09496,$0.1064,$0.0949,$0.1052,"$96,458","$12,898,444"
94,ANJ,"Jul 17, 2021",$0.1018,$0.1062,$0.09438,$0.09495,"$94,543","$11,645,235"
95,ANJ,"Jul 16, 2021",$0.1062,$0.1081,$0.1017,$0.1019,"$106,141","$12,491,909"
96,ANJ,"Jul 15, 2021",$0.1101,$0.1107,$0.1058,$0.1061,"$105,807","$13,008,702"
97,ANJ,"Jul 14, 2021",$0.1094,$0.1109,$0.1058,$0.11,"$100,299","$13,494,090"
98,ANJ,"Jul 13, 2021",$0.1117,$0.1125,$0.1067,$0.1094,"$90,440","$13,420,013"
99,ANJ,"Jul 12, 2021",$0.1144,$0.1154,$0.1115,$0.1117,"$137,254","$13,695,636"
100,ANJ,"Jul 11, 2021",$0.1194,$0.1211,$0.1141,$0.1144,"$97,919","$14,024,736"
101,ANJ,"Jul 10, 2021",$0.1636,$0.1636,$0.1042,$0.1194,"$84,735","$14,640,772"
102,ANJ,"Jul 09, 2021",$0.06103,$0.1748,$0.05976,$0.1636,"$125,733","$20,068,500"
103,ANJ,"Jul 08, 2021",$0.0603,$0.06109,$0.05915,$0.06105,"$122,444","$7,487,217"
104,ANJ,"Jul 07, 2021",$0.05255,$0.06203,$0.05202,$0.06027,"$91,116","$7,391,549"
105,ANJ,"Jul 06, 2021",$0.05229,$0.4587,$0.05202,$0.05255,"$71,631","$6,445,141"
106,ANJ,"Jul 05, 2021",$0.05381,$0.05551,$0.05202,$0.05234,"$136,472","$6,418,886"
107,ANJ,"Jul 04, 2021",$0.05824,$0.05828,$0.0515,$0.0538,"$105,410","$6,597,982"
108,ANJ,"Jul 03, 2021",$0.03834,$0.05832,$0.03751,$0.05824,"$81,603","$7,143,156"
109,ANJ,"Jul 02, 2021",$0.04205,$0.04261,$0.03799,$0.03835,"$81,146","$4,703,002"
110,ANJ,"Jul 01, 2021",$0.04291,$0.04307,$0.04147,$0.04203,"$93,789","$5,154,255"
111,ANJ,"Jun 30, 2021",$0.04209,$0.04328,$0.04135,$0.04289,"$94,890","$5,260,847"
112,ANJ,"Jun 29, 2021",$0.05327,$0.05405,$0.0412,$0.04212,"$103,926","$5,166,216"
113,ANJ,"Jun 28, 2021",$0.05159,$0.05436,$0.05125,$0.05329,"$98,608","$6,535,876"
114,ANJ,"Jun 27, 2021",$0.04942,$0.05169,$0.04882,$0.05155,"$94,548","$6,321,819"
115,ANJ,"Jun 26, 2021",$0.0475,$0.04937,$0.0472,$0.04936,"$98,404","$6,053,511"
116,ANJ,"Jun 25, 2021",$0.04952,$0.05019,$0.04715,$0.04752,"$107,353","$5,827,574"
117,ANJ,"Jun 24, 2021",$0.0503,$0.05128,$0.04935,$0.04953,"$67,038","$6,074,318"
118,ANJ,"Jun 23, 2021",$0.05874,$0.09554,$0.04915,$0.0515,"$2,128","$6,316,833"
119,ANJ,"Jun 22, 2021",$0.0609,$0.06312,$0.05429,$0.0587,"$2,399","$7,198,944"
120,ANJ,"Jun 21, 2021",$0.06536,$0.138,$0.05535,$0.06088,"$1,481","$7,466,961"
121,ANJ,"Jun 20, 2021",$0.06601,$0.08595,$0.06,$0.06536,"$2,009","$8,016,158"
122,ANJ,"Jun 19, 2021",$0.07639,$0.07698,$0.06078,$0.06598,"$1,692","$8,091,574"
123,ANJ,"Jun 18, 2021",$0.07997,$0.07998,$0.06684,$0.07593,"$1,717","$9,312,102"
124,ANJ,"Jun 17, 2021",$0.06189,$0.4584,$0.05361,$0.07996,"$2,037","$9,807,303"
125,ANJ,"Jun 16, 2021",$0.08022,$0.4963,$0.06183,$0.06189,"$5,493","$7,590,244"
126,ANJ,"Jun 15, 2021",$0.08458,$0.2781,$0.01707,$0.08581,"$2,331","$10,524,100"
127,ANJ,"Jun 14, 2021",$0.08409,$0.08568,$0.08214,$0.08409,"$3,290","$10,313,758"
128,ANJ,"Jun 13, 2021",$0.07709,$0.4694,$0.07438,$0.08409,"$2,928","$10,312,955"
129,ANJ,"Jun 12, 2021",$0.08649,$0.206,$0.07593,$0.07705,"$3,742","$9,450,016"
130,ANJ,"Jun 11, 2021",$0.1382,$0.1386,$0.08511,$0.08647,"$2,006","$10,604,974"
131,ANJ,"Jun 10, 2021",$0.09608,$0.1386,$0.08603,$0.1382,"$1,976","$16,947,537"
132,ANJ,"Jun 09, 2021",$0.08029,$0.5132,$0.07693,$0.09602,"$2,990","$11,776,477"
133,ANJ,"Jun 08, 2021",$0.07647,$0.08114,$0.07357,$0.08034,"$5,902","$9,853,247"
134,ANJ,"Jun 07, 2021",$0.08285,$0.5448,$0.0764,$0.07654,"$3,573","$9,387,364"
135,ANJ,"Jun 06, 2021",$0.06822,$0.08298,$0.06703,$0.08285,"$2,963","$10,161,470"
136,ANJ,"Jun 05, 2021",$0.08742,$0.5508,$0.06802,$0.06821,"$2,500","$8,365,564"
137,ANJ,"Jun 04, 2021",$0.09132,$0.09139,$0.08149,$0.08742,"$2,457","$10,721,899"
138,ANJ,"Jun 03, 2021",$0.08255,$0.5572,$0.08199,$0.09129,"$2,339","$11,195,820"
139,ANJ,"Jun 02, 2021",$0.0856,$0.5424,$0.08216,$0.08261,"$2,623","$10,131,229"
140,ANJ,"Jun 01, 2021",$0.08583,$0.1274,$0.08393,$0.0856,"$2,733","$10,498,147"
141,ANJ,"May 31, 2021",$0.1312,$0.1887,$0.07049,$0.0858,"$5,033","$10,522,378"
142,ANJ,"May 30, 2021",$0.1254,$0.1312,$0.1184,$0.1312,"$11,255","$16,089,902"
143,ANJ,"May 29, 2021",$0.1237,$0.1287,$0.1237,$0.1254,"$48,482","$15,374,591"
144,ANJ,"May 28, 2021",$0.1299,$0.13,$0.1237,$0.1237,"$69,301","$15,174,974"
145,ANJ,"May 27, 2021",$0.1301,$0.1315,$0.1256,$0.1299,"$48,296","$15,936,614"
146,ANJ,"May 26, 2021",$0.1339,$0.1366,$0.1288,$0.1301,"$53,539","$15,955,135"
147,ANJ,"May 25, 2021",$0.136,$0.1389,$0.1309,$0.1339,"$34,858","$16,421,076"
148,ANJ,"May 24, 2021",$0.1308,$0.1362,$0.1299,$0.136,"$52,206","$16,677,800"
149,ANJ,"May 23, 2021",$0.1392,$0.1392,$0.121,$0.1308,"$59,678","$16,037,655"
150,ANJ,"May 22, 2021",$0.1391,$0.1419,$0.1336,$0.1392,"$36,497","$17,075,403"
151,ANJ,"May 21, 2021",$0.1478,$0.157,$0.1311,$0.1391,"$46,248","$17,063,892"
152,ANJ,"May 20, 2021",$0.1479,$0.1509,$0.134,$0.1478,"$39,042","$18,124,282"
153,ANJ,"May 19, 2021",$0.121,$0.1751,$0.121,$0.1479,"$105,007","$18,136,112"
154,ANJ,"May 18, 2021",$0.1855,$0.1892,$0.121,$0.121,"$37,621","$14,843,653"
155,ANJ,"May 17, 2021",$0.7014,$0.7014,$0.1615,$0.1855,"$89,324","$22,753,923"
156,ANJ,"May 16, 2021",$0.7113,$0.7583,$0.6551,$0.7011,"$2,701","$85,985,195"
157,ANJ,"May 15, 2021",$0.7975,$0.8073,$0.7128,$0.7131,"$2,747","$87,460,861"
158,ANJ,"May 14, 2021",$0.1822,$0.8154,$0.1816,$0.7969,"$3,070","$97,733,403"
159,ANJ,"May 13, 2021",$0.7401,$0.7884,$0.174,$0.1824,"$12,617","$22,372,617"
160,ANJ,"May 12, 2021",$0.815,$0.8528,$0.7478,$0.7478,"$2,881","$91,710,681"
161,ANJ,"May 11, 2021",$0.7727,$0.8168,$0.7398,$0.8158,"$3,143","$100,051,099"
162,ANJ,"May 10, 2021",$0.7681,$0.8206,$0.7203,$0.773,"$2,978","$94,806,590"
163,ANJ,"May 09, 2021",$0.763,$0.7783,$0.7319,$0.7688,"$2,962","$94,286,916"
164,ANJ,"May 08, 2021",$0.6813,$0.7723,$0.6752,$0.7631,"$2,940","$93,585,253"
165,ANJ,"May 07, 2021",$0.6825,$0.7443,$0.6589,$0.6814,"$2,625","$83,571,308"
166,ANJ,"May 06, 2021",$0.6887,$0.7036,$0.662,$0.6815,"$2,626","$83,586,142"
167,ANJ,"May 05, 2021",$0.1669,$0.6924,$0.1667,$0.6891,"$2,655","$84,511,037"
168,ANJ,"May 04, 2021",$0.6708,$0.6722,$0.1636,$0.1668,"$2,897","$20,456,453"
169,ANJ,"May 03, 2021",$0.5771,$0.6745,$0.1574,$0.6685,"$2,576","$81,992,108"
170,ANJ,"May 02, 2021",$0.1579,$0.5835,$0.1544,$0.5772,"$2,224","$70,794,971"
171,ANJ,"May 01, 2021",$0.5422,$0.5608,$0.1507,$0.1579,"$2,768","$19,368,066"
172,ANJ,"Apr 30, 2021",$0.1531,$0.5466,$0.1523,$0.5422,"$2,089","$66,495,647"
173,ANJ,"Apr 29, 2021",$0.1396,$0.1568,$0.136,$0.1531,"$102,533","$18,780,148"
174,ANJ,"Apr 28, 2021",$0.1338,$0.1436,$0.1315,$0.1395,"$97,210","$17,113,965"
175,ANJ,"Apr 27, 2021",$0.1567,$0.1593,$0.1338,$0.1338,"$68,459","$16,405,047"
176,ANJ,"Apr 26, 2021",$0.1451,$0.1588,$0.1427,$0.1567,"$163,169","$19,217,339"
177,ANJ,"Apr 25, 2021",$0.1394,$0.1474,$0.1387,$0.145,"$108,568","$17,782,360"
178,ANJ,"Apr 24, 2021",$0.1379,$0.1449,$0.1318,$0.1395,"$55,264","$17,107,794"
179,ANJ,"Apr 23, 2021",$0.1374,$0.1382,$0.1296,$0.1379,"$140,371","$16,917,693"
180,ANJ,"Apr 22, 2021",$0.1331,$0.1424,$0.1316,$0.1374,"$141,582","$16,847,626"
181,ANJ,"Apr 21, 2021",$0.1452,$0.1459,$0.1328,$0.1331,"$97,259","$16,321,426"
182,ANJ,"Apr 20, 2021",$0.1619,$0.1633,$0.1402,$0.1452,"$99,720","$17,812,764"
183,ANJ,"Apr 19, 2021",$0.1741,$0.1768,$0.1616,$0.1621,"$78,605","$19,877,504"
184,ANJ,"Apr 18, 2021",$0.1846,$0.2452,$0.172,$0.1741,"$165,867","$21,349,036"
185,ANJ,"Apr 17, 2021",$0.1623,$0.1887,$0.1623,$0.1847,"$121,053","$22,656,299"
186,ANJ,"Apr 16, 2021",$0.1551,$0.1668,$0.1538,$0.1624,"$150,820","$19,916,506"
187,ANJ,"Apr 15, 2021",$0.1443,$0.1614,$0.1443,$0.1551,"$83,071","$19,016,567"
188,ANJ,"Apr 14, 2021",$0.1416,$0.1503,$0.1401,$0.1443,"$118,474","$17,695,756"
189,ANJ,"Apr 13, 2021",$0.1335,$0.145,$0.1335,$0.1418,"$153,501","$17,388,671"
190,ANJ,"Apr 12, 2021",$0.1391,$0.1395,$0.1316,$0.1335,"$120,917","$16,378,650"
191,ANJ,"Apr 11, 2021",$0.1443,$0.1445,$0.1309,$0.1391,"$77,824","$17,061,696"
192,ANJ,"Apr 10, 2021",$0.1317,$0.2127,$0.1301,$0.1443,"$44,587","$17,693,726"
193,ANJ,"Apr 09, 2021",$0.1311,$0.1854,$0.1302,$0.1317,"$7,636","$16,155,212"
194,ANJ,"Apr 08, 2021",$0.1476,$0.2048,$0.1302,$0.1311,"$5,500","$16,079,864"
195,ANJ,"Apr 07, 2021",$0.1489,$0.1499,$0.1439,$0.1477,"$122,923","$18,113,113"
196,ANJ,"Apr 06, 2021",$0.1342,$0.1501,$0.134,$0.1489,"$116,886","$18,260,832"
197,ANJ,"Apr 05, 2021",$0.137,$0.1373,$0.132,$0.1341,"$115,354","$16,445,177"
198,ANJ,"Apr 04, 2021",$0.1497,$0.1512,$0.1322,$0.137,"$80,302","$16,803,254"
199,ANJ,"Apr 03, 2021",$0.1554,$0.1567,$0.1476,$0.1497,"$136,610","$18,357,821"
200,ANJ,"Apr 02, 2021",$0.1424,$0.1556,$0.1402,$0.1554,"$102,835","$19,055,179"
201,ANJ,"Apr 01, 2021",$0.1683,$0.1719,$0.1424,$0.1424,"$91,596","$17,468,257"
202,ANJ,"Mar 31, 2021",$0.1367,$0.1875,$0.1121,$0.1683,"$113,373","$20,636,872"
203,ANJ,"Mar 30, 2021",$0.09491,$0.1372,$0.09246,$0.1367,"$96,178","$16,766,507"
204,ANJ,"Mar 29, 2021",$0.07385,$0.1018,$0.07314,$0.09491,"$151,495","$11,640,258"
205,ANJ,"Mar 28, 2021",$0.134,$0.134,$0.07314,$0.07387,"$87,781","$9,059,699"
206,ANJ,"Mar 27, 2021",$0.1438,$0.1471,$0.1316,$0.134,"$87,619","$16,439,891"
207,ANJ,"Mar 26, 2021",$0.1373,$0.1646,$0.1373,$0.1438,"$77,729","$17,641,860"
208,ANJ,"Mar 25, 2021",$0.09713,$0.1376,$0.09164,$0.1373,"$193,405","$16,842,480"
209,ANJ,"Mar 24, 2021",$0.08994,$0.09754,$0.08665,$0.09715,"$122,850","$11,915,174"
210,ANJ,"Mar 23, 2021",$0.08766,$0.1605,$0.0856,$0.08996,"$81,323","$11,032,988"
211,ANJ,"Mar 22, 2021",$0.09431,$0.09486,$0.08572,$0.08766,"$131,281","$10,751,043"
212,ANJ,"Mar 21, 2021",$0.09014,$0.09535,$0.08984,$0.0943,"$107,866","$11,565,948"
213,ANJ,"Mar 20, 2021",$0.09362,$0.09475,$0.08986,$0.09017,"$90,033","$11,058,523"
214,ANJ,"Mar 19, 2021",$0.09404,$0.09602,$0.08791,$0.09362,"$73,885","$11,482,381"
215,ANJ,"Mar 18, 2021",$0.07843,$0.09508,$0.07591,$0.09405,"$63,899","$11,534,476"
216,ANJ,"Mar 17, 2021",$0.09815,$0.1012,$0.04248,$0.0784,"$103,893","$9,615,652"
217,ANJ,"Mar 16, 2021",$0.09633,$0.09815,$0.09342,$0.09815,"$94,368","$12,038,086"
218,ANJ,"Mar 15, 2021",$0.09117,$0.09681,$0.08969,$0.09633,"$82,675","$11,814,211"
219,ANJ,"Mar 14, 2021",$0.0788,$0.09238,$0.07871,$0.09119,"$73,764","$11,183,670"
220,ANJ,"Mar 13, 2021",$0.07606,$0.08058,$0.07316,$0.0788,"$111,820","$9,664,445"
221,ANJ,"Mar 12, 2021",$0.07129,$0.077,$0.07042,$0.07609,"$85,023","$9,331,773"
222,ANJ,"Mar 11, 2021",$0.07088,$0.07783,$0.06903,$0.07128,"$77,461","$8,742,094"
223,ANJ,"Mar 10, 2021",$0.07188,$0.07805,$0.07001,$0.07093,"$39,329","$8,699,752"
224,ANJ,"Mar 09, 2021",$0.07613,$0.07637,$0.07015,$0.07187,"$102,708","$8,815,009"
225,ANJ,"Mar 08, 2021",$0.07458,$0.07634,$0.07335,$0.07614,"$124,784","$9,337,843"
226,ANJ,"Mar 07, 2021",$0.06914,$0.07469,$0.06854,$0.07458,"$107,445","$9,146,640"
227,ANJ,"Mar 06, 2021",$0.07307,$0.07381,$0.06803,$0.06918,"$64,082","$8,485,217"
228,ANJ,"Mar 05, 2021",$0.07633,$0.07633,$0.0707,$0.07306,"$113,319","$8,961,050"
229,ANJ,"Mar 04, 2021",$0.07572,$0.07668,$0.07139,$0.07633,"$118,015","$9,360,922"
230,ANJ,"Mar 03, 2021",$0.05415,$0.08325,$0.05383,$0.07572,"$122,053","$9,287,022"
231,ANJ,"Mar 02, 2021",$0.0511,$0.05589,$0.04744,$0.05414,"$80,773","$6,640,271"
232,ANJ,"Mar 01, 2021",$0.06021,$0.06198,$0.04626,$0.0511,"$115,926","$6,267,642"
233,ANJ,"Feb 28, 2021",$0.06136,$0.06268,$0.05815,$0.06021,"$104,362","$7,383,935"
234,ANJ,"Feb 27, 2021",$0.06411,$0.06502,$0.06117,$0.06136,"$64,432","$7,525,427"
235,ANJ,"Feb 26, 2021",$0.05683,$0.06664,$0.05301,$0.06411,"$125,863","$7,862,805"
236,ANJ,"Feb 25, 2021",$0.05499,$0.05925,$0.05478,$0.05684,"$91,024","$6,971,104"
237,ANJ,"Feb 24, 2021",$0.04494,$0.05659,$0.0436,$0.05498,"$34,572","$6,743,380"
238,ANJ,"Feb 23, 2021",$0.05728,$0.0633,$0.03312,$0.04492,"$111,914","$5,509,648"
239,ANJ,"Feb 22, 2021",$0.04251,$0.07182,$0.04207,$0.05727,"$180,323","$7,024,153"
240,ANJ,"Feb 21, 2021",$0.04221,$0.04339,$0.03949,$0.04252,"$76,040","$5,214,640"
241,ANJ,"Feb 20, 2021",$0.04031,$0.04395,$0.03968,$0.04223,"$118,369","$5,179,425"
242,ANJ,"Feb 19, 2021",$0.04233,$0.04415,$0.03964,$0.04031,"$126,272","$4,944,220"
243,ANJ,"Feb 18, 2021",$0.05421,$0.0555,$0.04114,$0.04234,"$78,813","$5,192,690"
244,ANJ,"Feb 17, 2021",$0.05552,$0.05688,$0.05359,$0.05417,"$120,970","$6,643,284"
245,ANJ,"Feb 16, 2021",$0.05946,$0.06137,$0.05349,$0.05554,"$138,067","$6,811,448"
246,ANJ,"Feb 15, 2021",$0.0643,$0.0672,$0.0592,$0.05945,"$137,431","$7,291,770"
247,ANJ,"Feb 14, 2021",$0.04658,$0.06778,$0.04467,$0.0643,"$81,954","$7,886,605"
248,ANJ,"Feb 13, 2021",$0.04514,$0.04681,$0.04014,$0.04658,"$105,040","$5,712,723"
249,ANJ,"Feb 12, 2021",$0.04681,$0.04691,$0.04401,$0.04515,"$124,267","$5,536,964"
250,ANJ,"Feb 11, 2021",$0.04881,$0.04898,$0.04634,$0.04681,"$119,919","$5,740,762"
251,ANJ,"Feb 10, 2021",$0.0503,$0.05125,$0.04869,$0.04881,"$96,287","$5,986,824"
252,ANJ,"Feb 09, 2021",$0.04991,$0.05097,$0.04817,$0.0503,"$133,822","$6,169,034"
253,ANJ,"Feb 08, 2021",$0.04873,$0.05027,$0.04837,$0.04989,"$191,204","$6,119,034"
254,ANJ,"Feb 07, 2021",$0.04741,$0.04967,$0.04591,$0.04871,"$116,644","$5,974,482"
255,ANJ,"Feb 06, 2021",$0.06026,$0.06736,$0.04738,$0.04739,"$66,982","$5,812,300"
256,ANJ,"Feb 05, 2021",$0.04794,$0.06069,$0.04794,$0.06028,"$2,645","$7,392,934"
257,ANJ,"Feb 04, 2021",$0.04972,$0.06586,$0.04759,$0.04793,"$35,011","$5,878,707"
258,ANJ,"Feb 03, 2021",$0.04865,$0.04971,$0.0483,$0.0497,"$136,269","$6,095,468"
259,ANJ,"Feb 02, 2021",$0.04669,$0.04963,$0.04669,$0.04862,"$104,538","$5,963,581"
260,ANJ,"Feb 01, 2021",$0.04633,$0.04695,$0.04524,$0.04674,"$141,662","$5,731,914"
261,ANJ,"Jan 31, 2021",$0.04886,$0.04969,$0.04629,$0.04633,"$71,997","$5,682,554"
262,ANJ,"Jan 30, 2021",$0.04459,$0.04889,$0.04379,$0.04886,"$51,795","$5,992,171"
263,ANJ,"Jan 29, 2021",$0.04435,$0.04483,$0.04269,$0.0446,"$282,858","$5,469,741"
264,ANJ,"Jan 28, 2021",$0.03863,$0.0448,$0.03818,$0.04403,"$118,006","$5,400,470"
265,ANJ,"Jan 27, 2021",$0.04537,$0.04553,$0.03797,$0.0386,"$113,791","$4,734,398"
266,ANJ,"Jan 26, 2021",$0.04649,$0.04818,$0.0429,$0.04533,"$111,527","$5,559,583"
267,ANJ,"Jan 25, 2021",$0.05116,$0.05169,$0.04632,$0.04649,"$173,659","$5,701,672"
268,ANJ,"Jan 24, 2021",$0.0462,$0.0573,$0.04585,$0.05116,"$95,878","$6,274,960"
269,ANJ,"Jan 23, 2021",$0.04744,$0.04833,$0.04603,$0.04619,"$53,403","$5,665,103"
270,ANJ,"Jan 22, 2021",$0.0501,$0.05163,$0.04704,$0.04744,"$131,598","$5,817,933"
271,ANJ,"Jan 21, 2021",$0.05032,$0.05675,$0.04962,$0.0501,"$127,500","$6,144,015"
272,ANJ,"Jan 20, 2021",$0.04173,$0.05037,$0.04084,$0.05033,"$43,218","$6,172,555"
273,ANJ,"Jan 19, 2021",$0.03606,$0.04824,$0.03574,$0.04173,"$108,195","$5,117,429"
274,ANJ,"Jan 18, 2021",$0.03011,$0.04313,$0.03007,$0.03606,"$224,054","$4,422,209"
275,ANJ,"Jan 17, 2021",$0.03348,$0.03378,$0.03001,$0.0301,"$245,776","$3,691,853"
276,ANJ,"Jan 16, 2021",$0.03188,$0.03452,$0.03188,$0.03349,"$400,703","$4,107,633"
277,ANJ,"Jan 15, 2021",$0.03369,$0.03638,$0.03106,$0.03188,"$396,228","$3,909,562"
278,ANJ,"Jan 14, 2021",$0.033,$0.03458,$0.03156,$0.03369,"$453,494","$4,132,132"
279,ANJ,"Jan 13, 2021",$0.03088,$0.03324,$0.02983,$0.03299,"$449,130","$4,046,616"
280,ANJ,"Jan 12, 2021",$0.03278,$0.03278,$0.02976,$0.03086,"$321,511","$3,785,299"
281,ANJ,"Jan 11, 2021",$0.03527,$0.036,$0.02706,$0.03275,"$544,935","$4,017,088"
282,ANJ,"Jan 10, 2021",$0.03681,$0.03835,$0.03368,$0.03527,"$425,619","$4,326,011"
283,ANJ,"Jan 09, 2021",$0.03445,$0.03708,$0.03402,$0.03681,"$354,084","$4,515,112"
284,ANJ,"Jan 08, 2021",$0.03468,$0.0357,$0.03124,$0.03445,"$381,545","$4,225,590"
285,ANJ,"Jan 07, 2021",$0.03556,$0.03862,$0.03429,$0.03467,"$445,214","$4,252,568"
286,ANJ,"Jan 06, 2021",$0.03342,$0.03673,$0.03259,$0.03558,"$425,545","$4,363,940"
287,ANJ,"Jan 05, 2021",$0.03189,$0.03394,$0.0307,$0.03342,"$397,320","$4,098,696"
288,ANJ,"Jan 04, 2021",$0.03092,$0.03513,$0.03024,$0.03188,"$409,765","$3,910,127"
289,ANJ,"Jan 03, 2021",$0.02728,$0.03159,$0.02717,$0.03088,"$413,062","$3,787,518"
290,ANJ,"Jan 02, 2021",$0.02659,$0.02768,$0.02639,$0.02728,"$223,863","$3,345,640"
291,ANJ,"Jan 01, 2021",$0.0271,$0.02728,$0.02051,$0.02659,"$65,707","$3,261,442"
292,ANJ,"Dec 31, 2020",$0.02993,$0.03007,$0.02704,$0.02711,"$277,132","$3,324,513"
293,ANJ,"Dec 30, 2020",$0.02939,$0.03006,$0.02881,$0.02993,"$403,656","$3,670,860"
294,ANJ,"Dec 29, 2020",$0.02959,$0.02969,$0.02857,$0.02939,"$279,752","$3,604,591"
295,ANJ,"Dec 28, 2020",$0.02869,$0.03006,$0.02849,$0.02959,"$251,526","$3,629,691"
296,ANJ,"Dec 27, 2020",$0.02763,$0.02976,$0.02729,$0.02869,"$364,416","$3,518,693"
297,ANJ,"Dec 26, 2020",$0.02621,$0.02819,$0.02617,$0.02763,"$397,326","$3,389,110"
298,ANJ,"Dec 25, 2020",$0.02516,$0.02645,$0.02413,$0.02621,"$331,242","$3,214,739"
299,ANJ,"Dec 24, 2020",$0.0254,$0.0254,$0.02412,$0.02516,"$282,957","$3,085,220"
300,ANJ,"Dec 23, 2020",$0.02742,$0.0275,$0.02508,$0.0254,"$333,899","$3,114,902"
301,ANJ,"Dec 22, 2020",$0.02711,$0.03064,$0.02601,$0.02742,"$521,123","$3,362,566"
302,ANJ,"Dec 21, 2020",$0.03162,$0.03173,$0.02423,$0.02713,"$288,695","$3,327,468"
303,ANJ,"Dec 20, 2020",$0.03067,$0.03212,$0.02935,$0.03162,"$328,508","$3,877,870"
304,ANJ,"Dec 19, 2020",$0.03451,$0.03478,$0.03037,$0.03067,"$304,598","$3,761,948"
305,ANJ,"Dec 18, 2020",$0.0344,$0.03502,$0.03415,$0.03451,"$53,529","$4,232,026"
306,ANJ,"Dec 17, 2020",$0.03966,$0.03992,$0.0342,$0.03441,"$190,496","$4,220,718"
307,ANJ,"Dec 16, 2020",$0.03989,$0.04268,$0.03954,$0.03966,"$410,558","$4,864,534"
308,ANJ,"Dec 15, 2020",$0.04031,$0.04079,$0.03949,$0.03989,"$420,675","$4,892,137"
309,ANJ,"Dec 14, 2020",$0.03913,$0.04051,$0.03784,$0.04031,"$101,976","$4,943,241"
310,ANJ,"Dec 13, 2020",$0.04284,$0.04307,$0.03887,$0.03913,"$324,998","$4,798,768"
311,ANJ,"Dec 12, 2020",$0.04402,$0.04402,$0.04127,$0.04284,"$502,851","$5,253,977"
312,ANJ,"Dec 11, 2020",$0.03907,$0.04633,$0.0378,$0.04402,"$564,195","$5,398,964"
313,ANJ,"Dec 10, 2020",$0.03717,$0.03922,$0.03249,$0.03907,"$444,352","$4,791,595"
314,ANJ,"Dec 09, 2020",$0.03812,$0.03842,$0.03103,$0.03717,"$461,184","$4,559,197"
315,ANJ,"Dec 08, 2020",$0.03924,$0.03955,$0.03781,$0.03812,"$464,862","$4,675,082"
316,ANJ,"Dec 07, 2020",$0.03855,$0.03961,$0.03792,$0.03924,"$404,512","$4,813,020"
317,ANJ,"Dec 06, 2020",$0.03976,$0.04006,$0.03812,$0.03855,"$385,223","$4,727,376"
318,ANJ,"Dec 05, 2020",$0.03961,$0.03997,$0.03925,$0.03976,"$376,346","$4,876,331"
319,ANJ,"Dec 04, 2020",$0.0416,$0.04179,$0.03954,$0.03962,"$417,629","$4,858,629"
320,ANJ,"Dec 03, 2020",$0.04205,$0.04211,$0.04108,$0.0416,"$437,591","$5,102,299"
321,ANJ,"Dec 02, 2020",$0.04156,$0.04376,$0.0414,$0.04205,"$194,945","$5,157,590"
322,ANJ,"Dec 01, 2020",$0.04307,$0.04315,$0.0415,$0.04156,"$331,977","$5,097,050"
323,ANJ,"Nov 30, 2020",$0.04174,$0.04313,$0.04168,$0.04307,"$497,333","$5,282,151"
324,ANJ,"Nov 29, 2020",$0.04749,$0.04755,$0.03429,$0.04174,"$422,579","$5,119,358"
325,ANJ,"Nov 28, 2020",$0.04677,$0.04784,$0.0465,$0.04749,"$459,611","$5,824,387"
326,ANJ,"Nov 27, 2020",$0.04423,$0.04853,$0.0428,$0.04677,"$507,290","$5,736,010"
327,ANJ,"Nov 26, 2020",$0.04247,$0.05251,$0.03674,$0.04422,"$567,575","$5,423,027"
328,ANJ,"Nov 25, 2020",$0.05684,$0.05684,$0.04176,$0.04248,"$492,350","$5,210,333"
329,ANJ,"Nov 24, 2020",$0.06467,$0.06542,$0.04629,$0.05683,"$3,045,627","$6,970,042"
330,ANJ,"Nov 23, 2020",$0.04805,$0.06967,$0.04747,$0.06457,"$867,992","$7,918,835"
331,ANJ,"Nov 22, 2020",$0.049,$0.06314,$0.04471,$0.04805,"$600,553","$5,893,397"
332,ANJ,"Nov 21, 2020",$0.06129,$0.07584,$0.04848,$0.049,"$630,375","$6,009,736"
333,ANJ,"Nov 20, 2020",$0.04135,$0.08064,$0.03998,$0.06129,"$933,553","$7,517,186"
334,ANJ,"Nov 19, 2020",$0.03909,$0.04754,$0.03789,$0.04135,"$436,404","$5,071,392"
335,ANJ,"Nov 18, 2020",$0.03996,$0.04731,$0.03791,$0.03909,"$1,495,245","$4,794,541"
336,ANJ,"Nov 17, 2020",$0.03762,$0.04508,$0.03727,$0.03996,"$565,608","$4,901,165"
337,ANJ,"Nov 16, 2020",$0.03627,$0.04968,$0.03583,$0.03706,"$474,454","$4,545,317"
338,ANJ,"Nov 15, 2020",$0.03757,$0.03927,$0.03588,$0.03627,"$369,771","$4,448,144"
339,ANJ,"Nov 14, 2020",$0.03826,$0.03895,$0.03584,$0.03757,"$375,239","$4,607,678"
340,ANJ,"Nov 13, 2020",$0.03718,$0.03831,$0.03662,$0.03826,"$433,131","$4,692,105"
341,ANJ,"Nov 12, 2020",$0.0371,$0.03732,$0.03659,$0.03718,"$498,038","$4,559,616"
342,ANJ,"Nov 11, 2020",$0.03562,$0.03777,$0.03421,$0.0371,"$468,194","$4,550,573"
343,ANJ,"Nov 10, 2020",$0.03657,$0.03681,$0.03435,$0.03562,"$411,430","$4,368,579"
344,ANJ,"Nov 09, 2020",$0.03728,$0.03763,$0.03634,$0.03658,"$466,803","$4,485,840"
345,ANJ,"Nov 08, 2020",$0.0359,$0.03748,$0.03583,$0.03728,"$450,622","$4,572,230"
346,ANJ,"Nov 07, 2020",$0.03662,$0.03748,$0.0359,$0.0359,"$450,703","$4,402,940"
347,ANJ,"Nov 06, 2020",$0.03342,$0.03675,$0.03342,$0.03662,"$477,911","$4,491,680"
348,ANJ,"Nov 05, 2020",$0.03704,$0.03704,$0.03337,$0.03342,"$566,459","$4,098,777"
349,ANJ,"Nov 04, 2020",$0.02771,$0.03708,$0.02707,$0.03704,"$904,587","$4,542,779"
350,ANJ,"Nov 03, 2020",$0.03131,$0.03161,$0.02745,$0.0277,"$637,122","$3,397,841"
351,ANJ,"Nov 02, 2020",$0.02977,$0.03167,$0.0258,$0.03131,"$799,522","$3,840,255"
352,ANJ,"Nov 01, 2020",$0.03259,$0.03271,$0.02673,$0.02977,"$690,987","$3,650,748"
353,ANJ,"Oct 31, 2020",$0.03166,$0.03285,$0.02728,$0.03259,"$792,949","$3,997,324"
354,ANJ,"Oct 30, 2020",$0.03127,$0.03447,$0.02751,$0.03166,"$667,795","$3,882,606"
355,ANJ,"Oct 29, 2020",$0.03076,$0.03293,$0.03019,$0.03127,"$723,685","$3,834,534"
356,ANJ,"Oct 28, 2020",$0.03295,$0.03322,$0.0301,$0.03076,"$765,297","$3,772,206"
357,ANJ,"Oct 27, 2020",$0.03542,$0.03659,$0.0327,$0.03293,"$823,317","$4,038,655"
358,ANJ,"Oct 26, 2020",$0.03524,$0.03623,$0.03409,$0.03541,"$847,255","$4,343,292"
359,ANJ,"Oct 25, 2020",$0.0373,$0.03733,$0.03492,$0.03524,"$763,126","$4,322,033"
360,ANJ,"Oct 24, 2020",$0.03722,$0.03955,$0.03136,$0.03731,"$814,096","$4,575,350"
361,ANJ,"Oct 23, 2020",$0.03257,$0.04092,$0.03249,$0.03721,"$846,087","$4,563,036"
362,ANJ,"Oct 22, 2020",$0.03633,$0.03821,$0.03241,$0.03274,"$618,375","$4,014,968"
363,ANJ,"Oct 21, 2020",$0.03578,$0.03723,$0.03491,$0.03664,"$848,179","$4,493,171"
